# 多维度输出诊断 (20260528_113004)

- **Checkpoint**: `/mnt/afs/250010036/reward_model/latent_reward_model/experiments/latent_mrm_llama3.1_baseline_k10_kplus6_2stage_gate/eval_export/best`
- **K**=10, **K+**=6, **use_gate**=True
- **扫描样本数**: 128

## Batch 内 Head 相关矩阵（chosen 分数）
- 非对角 |r| 均值: **0.8946**, 最大: **0.9906**

| | h0 | h1 | h2 | h3 | h4 | h5 | h6 | h7 | h8 | h9 |
|---|---:|---:|---:|---:|---:|---:|---:|---:|---:|---:|
| **h0** | 1.000 | 0.678 | 0.676 | 0.672 | -0.981 | 0.652 | -0.683 | -0.656 | -0.664 | 0.677 |
| **h1** | 0.678 | 1.000 | 0.988 | 0.987 | -0.794 | 0.984 | -0.989 | -0.983 | -0.991 | 0.987 |
| **h2** | 0.676 | 0.988 | 1.000 | 0.986 | -0.792 | 0.985 | -0.986 | -0.985 | -0.988 | 0.990 |
| **h3** | 0.672 | 0.987 | 0.986 | 1.000 | -0.789 | 0.988 | -0.987 | -0.986 | -0.989 | 0.988 |
| **h4** | -0.981 | -0.794 | -0.792 | -0.789 | 1.000 | -0.769 | 0.798 | 0.777 | 0.784 | -0.796 |
| **h5** | 0.652 | 0.984 | 0.985 | 0.988 | -0.769 | 1.000 | -0.985 | -0.982 | -0.990 | 0.981 |
| **h6** | -0.683 | -0.989 | -0.986 | -0.987 | 0.798 | -0.985 | 1.000 | 0.980 | 0.987 | -0.986 |
| **h7** | -0.656 | -0.983 | -0.985 | -0.986 | 0.777 | -0.982 | 0.980 | 1.000 | 0.991 | -0.984 |
| **h8** | -0.664 | -0.991 | -0.988 | -0.989 | 0.784 | -0.990 | 0.987 | 0.991 | 1.000 | -0.986 |
| **h9** | 0.677 | 0.987 | 0.990 | 0.988 | -0.796 | 0.981 | -0.986 | -0.984 | -0.986 | 1.000 |

## Batch 内 Head 相关矩阵（diff = z_c - z_r）
- 非对角 |r| 均值: **0.8765**, 最大: **0.9890**

| | h0 | h1 | h2 | h3 | h4 | h5 | h6 | h7 | h8 | h9 |
|---|---:|---:|---:|---:|---:|---:|---:|---:|---:|---:|
| **h0** | 1.000 | 0.625 | 0.614 | 0.594 | -0.973 | 0.595 | -0.614 | -0.597 | -0.609 | 0.609 |
| **h1** | 0.625 | 1.000 | 0.986 | 0.982 | -0.768 | 0.982 | -0.986 | -0.985 | -0.986 | 0.984 |
| **h2** | 0.614 | 0.986 | 1.000 | 0.987 | -0.757 | 0.987 | -0.989 | -0.989 | -0.989 | 0.987 |
| **h3** | 0.594 | 0.982 | 0.987 | 1.000 | -0.740 | 0.982 | -0.984 | -0.985 | -0.986 | 0.982 |
| **h4** | -0.973 | -0.768 | -0.757 | -0.740 | 1.000 | -0.744 | 0.761 | 0.745 | 0.756 | -0.757 |
| **h5** | 0.595 | 0.982 | 0.987 | 0.982 | -0.744 | 1.000 | -0.983 | -0.981 | -0.986 | 0.984 |
| **h6** | -0.614 | -0.986 | -0.989 | -0.984 | 0.761 | -0.983 | 1.000 | 0.986 | 0.987 | -0.986 |
| **h7** | -0.597 | -0.985 | -0.989 | -0.985 | 0.745 | -0.981 | 0.986 | 1.000 | 0.988 | -0.984 |
| **h8** | -0.609 | -0.986 | -0.989 | -0.986 | 0.756 | -0.986 | 0.987 | 0.988 | 1.000 | -0.983 |
| **h9** | 0.609 | 0.984 | 0.987 | 0.982 | -0.757 | 0.984 | -0.986 | -0.984 | -0.983 | 1.000 |

## 最可疑：各 head 分数几乎相同（std 最小）

### val_idx=71 | std_heads=0.499024 | pref_pseudo=False gate=False

| head | z_c | z_r | diff | p_plus | K+ mask | gate_w |
|---:|---:|---:|---:|---:|:---:|---:|
| 0 | 0.6211 | 5.7812 | -5.1602 | 0.0004 | False | 0.0064 |
| 1 | -0.166 | 1.0625 | -1.2285 | 1.0 | True | 0.2139 |
| 2 | -0.1157 | 0.8516 | -0.9673 | 1.0 | True | 0.1953 |
| 3 | -0.2578 | 0.7227 | -0.9805 | 1.0 | True | 0.1953 |
| 4 | 0.625 | -4.5 | 5.125 | 0.9805 | True | 0.0 |
| 5 | -0.3867 | 0.6211 | -1.0078 | 1.0 | True | 0.1953 |
| 6 | -0.1436 | -1.2734 | 1.1299 | 0.0 | False | 0.0 |
| 7 | -0.2617 | -1.0156 | 0.7539 | 0.0 | False | 0.0 |
| 8 | -0.2676 | -1.2969 | 1.0293 | 0.0 | False | 0.0 |
| 9 | -1.125 | -0.0165 | -1.1085 | 1.0 | True | 0.1953 |
- r_pseudo: chosen=-1.4263 rejected=-1.2587 | r_gate: -0.3997360169887543 / 0.6905547380447388
- prompt: When did Russia first invade Ukraine?...

### val_idx=110 | std_heads=0.595449 | pref_pseudo=False gate=False

| head | z_c | z_r | diff | p_plus | K+ mask | gate_w |
|---:|---:|---:|---:|---:|:---:|---:|
| 0 | 0.4648 | -2.9531 | 3.418 | 1.0 | True | 0.0077 |
| 1 | 0.0723 | 0.793 | -0.7207 | 1.0 | True | 0.2139 |
| 2 | -0.3828 | 0.8086 | -1.1914 | 1.0 | True | 0.1943 |
| 3 | -0.498 | 0.4609 | -0.959 | 1.0 | True | 0.1943 |
| 4 | 0.8164 | 2.7969 | -1.9805 | 0.4668 | False | 0.0 |
| 5 | -0.373 | 0.6758 | -1.0488 | 1.0 | True | 0.1943 |
| 6 | 0.1797 | -0.8516 | 1.0312 | 0.0 | False | 0.0 |
| 7 | 0.1523 | -1.0469 | 1.1992 | 0.0001 | False | 0.0 |
| 8 | -0.1299 | -1.125 | 0.9951 | 0.0001 | False | 0.0 |
| 9 | -1.3438 | -0.2812 | -1.0625 | 1.0 | True | 0.1943 |
- r_pseudo: chosen=-2.0605 rejected=-0.4961 | r_gate: -0.4857746362686157 / 0.4721718430519104
- prompt: In a JIRA board workflow, is it possible to block an issue from moving to another column if all items in a checklist are...

### val_idx=58 | std_heads=0.602512 | pref_pseudo=False gate=False

| head | z_c | z_r | diff | p_plus | K+ mask | gate_w |
|---:|---:|---:|---:|---:|:---:|---:|
| 0 | -0.4316 | -1.8984 | 1.4668 | 0.9453 | True | 0.0067 |
| 1 | 0.6328 | 0.8281 | -0.1953 | 1.0 | True | 0.2178 |
| 2 | 0.0776 | 0.1934 | -0.1157 | 1.0 | True | 0.1924 |
| 3 | -0.2578 | 0.3594 | -0.6172 | 1.0 | True | 0.1924 |
| 4 | 0.9375 | 2.0938 | -1.1562 | 0.1504 | False | 0.0 |
| 5 | -0.006 | 0.5586 | -0.5646 | 1.0 | True | 0.1924 |
| 6 | -0.5703 | -0.9922 | 0.4219 | 0.0 | False | 0.0 |
| 7 | -0.7344 | -1.0547 | 0.3203 | 0.0 | False | 0.0 |
| 8 | -0.8086 | -0.75 | -0.0586 | 0.0 | False | 0.0 |
| 9 | -0.7617 | -0.5078 | -0.2539 | 1.0 | True | 0.1982 |
- r_pseudo: chosen=-0.7468 rejected=-0.4668 | r_gate: -0.05191599577665329 / 0.27817440032958984
- prompt: You are given a sentence in Galician. Your job is to translate the Galician sentence into Portugese.

Por iso activa a F...

### val_idx=51 | std_heads=0.605656 | pref_pseudo=True gate=True

| head | z_c | z_r | diff | p_plus | K+ mask | gate_w |
|---:|---:|---:|---:|---:|:---:|---:|
| 0 | -0.3594 | 2.0469 | -2.4062 | 0.0042 | False | 0.0059 |
| 1 | 0.7031 | -1.2656 | 1.9688 | 1.0 | True | 0.2158 |
| 2 | 0.498 | -1.5312 | 2.0293 | 1.0 | True | 0.1963 |
| 3 | 0.0488 | -1.8359 | 1.8848 | 1.0 | True | 0.1963 |
| 4 | 0.4922 | 0.3613 | 0.1309 | 0.3184 | True | 0.0 |
| 5 | 0.2754 | -1.6406 | 1.916 | 1.0 | True | 0.1904 |
| 6 | -0.8711 | 1.0781 | -1.9492 | 0.0 | False | 0.0 |
| 7 | -0.6562 | 1.1875 | -1.8438 | 0.0 | False | 0.0 |
| 8 | -0.8594 | 1.3516 | -2.2109 | 0.0 | False | 0.0 |
| 9 | -0.5977 | -2.6719 | 2.0742 | 1.0 | True | 0.1963 |
- r_pseudo: chosen=1.4199 rejected=-8.5840 | r_gate: 0.19207918643951416 / -1.7571308612823486
- prompt: Web search results:

[1] "How to Use the Internet Download Article Getting started using email, reading news, finding en...

### val_idx=29 | std_heads=0.655218 | pref_pseudo=True gate=True

| head | z_c | z_r | diff | p_plus | K+ mask | gate_w |
|---:|---:|---:|---:|---:|:---:|---:|
| 0 | 0.4531 | -3.8906 | 4.3438 | 1.0 | True | 0.0068 |
| 1 | 0.8555 | -2.1562 | 3.0117 | 1.0 | True | 0.2139 |
| 2 | 0.4922 | -2.2656 | 2.7578 | 1.0 | True | 0.1943 |
| 3 | 0.104 | -2.7031 | 2.8071 | 1.0 | True | 0.1943 |
| 4 | 0.3066 | 4.625 | -4.3184 | 0.0481 | False | 0.0 |
| 5 | 0.375 | -2.2188 | 2.5938 | 1.0 | True | 0.1943 |
| 6 | -0.8633 | 1.6094 | -2.4727 | 0.0 | False | 0.0 |
| 7 | -0.8438 | 2.125 | -2.9688 | 0.0 | False | 0.0 |
| 8 | -0.8828 | 2.2812 | -3.1641 | 0.0 | False | 0.0 |
| 9 | -0.4746 | -3.1875 | 2.7129 | 1.0 | True | 0.1943 |
- r_pseudo: chosen=1.8052 rejected=-16.4219 | r_gate: 0.2824995815753937 / -2.5100138187408447
- prompt: Complete the sentence by providing an appropriate word.
She was wearing a ____ dress....
## 对照：head 分化最明显（std 最大）

### val_idx=71 | std_heads=0.499024 | pref_pseudo=False gate=False

| head | z_c | z_r | diff | p_plus | K+ mask | gate_w |
|---:|---:|---:|---:|---:|:---:|---:|
| 0 | 0.6211 | 5.7812 | -5.1602 | 0.0004 | False | 0.0064 |
| 1 | -0.166 | 1.0625 | -1.2285 | 1.0 | True | 0.2139 |
| 2 | -0.1157 | 0.8516 | -0.9673 | 1.0 | True | 0.1953 |
| 3 | -0.2578 | 0.7227 | -0.9805 | 1.0 | True | 0.1953 |
| 4 | 0.625 | -4.5 | 5.125 | 0.9805 | True | 0.0 |
| 5 | -0.3867 | 0.6211 | -1.0078 | 1.0 | True | 0.1953 |
| 6 | -0.1436 | -1.2734 | 1.1299 | 0.0 | False | 0.0 |
| 7 | -0.2617 | -1.0156 | 0.7539 | 0.0 | False | 0.0 |
| 8 | -0.2676 | -1.2969 | 1.0293 | 0.0 | False | 0.0 |
| 9 | -1.125 | -0.0165 | -1.1085 | 1.0 | True | 0.1953 |
- r_pseudo: chosen=-1.4263 rejected=-1.2587 | r_gate: -0.3997360169887543 / 0.6905547380447388
- prompt: When did Russia first invade Ukraine?...

### val_idx=110 | std_heads=0.595449 | pref_pseudo=False gate=False

| head | z_c | z_r | diff | p_plus | K+ mask | gate_w |
|---:|---:|---:|---:|---:|:---:|---:|
| 0 | 0.4648 | -2.9531 | 3.418 | 1.0 | True | 0.0077 |
| 1 | 0.0723 | 0.793 | -0.7207 | 1.0 | True | 0.2139 |
| 2 | -0.3828 | 0.8086 | -1.1914 | 1.0 | True | 0.1943 |
| 3 | -0.498 | 0.4609 | -0.959 | 1.0 | True | 0.1943 |
| 4 | 0.8164 | 2.7969 | -1.9805 | 0.4668 | False | 0.0 |
| 5 | -0.373 | 0.6758 | -1.0488 | 1.0 | True | 0.1943 |
| 6 | 0.1797 | -0.8516 | 1.0312 | 0.0 | False | 0.0 |
| 7 | 0.1523 | -1.0469 | 1.1992 | 0.0001 | False | 0.0 |
| 8 | -0.1299 | -1.125 | 0.9951 | 0.0001 | False | 0.0 |
| 9 | -1.3438 | -0.2812 | -1.0625 | 1.0 | True | 0.1943 |
- r_pseudo: chosen=-2.0605 rejected=-0.4961 | r_gate: -0.4857746362686157 / 0.4721718430519104
- prompt: In a JIRA board workflow, is it possible to block an issue from moving to another column if all items in a checklist are...

### val_idx=58 | std_heads=0.602512 | pref_pseudo=False gate=False

| head | z_c | z_r | diff | p_plus | K+ mask | gate_w |
|---:|---:|---:|---:|---:|:---:|---:|
| 0 | -0.4316 | -1.8984 | 1.4668 | 0.9453 | True | 0.0067 |
| 1 | 0.6328 | 0.8281 | -0.1953 | 1.0 | True | 0.2178 |
| 2 | 0.0776 | 0.1934 | -0.1157 | 1.0 | True | 0.1924 |
| 3 | -0.2578 | 0.3594 | -0.6172 | 1.0 | True | 0.1924 |
| 4 | 0.9375 | 2.0938 | -1.1562 | 0.1504 | False | 0.0 |
| 5 | -0.006 | 0.5586 | -0.5646 | 1.0 | True | 0.1924 |
| 6 | -0.5703 | -0.9922 | 0.4219 | 0.0 | False | 0.0 |
| 7 | -0.7344 | -1.0547 | 0.3203 | 0.0 | False | 0.0 |
| 8 | -0.8086 | -0.75 | -0.0586 | 0.0 | False | 0.0 |
| 9 | -0.7617 | -0.5078 | -0.2539 | 1.0 | True | 0.1982 |
- r_pseudo: chosen=-0.7468 rejected=-0.4668 | r_gate: -0.05191599577665329 / 0.27817440032958984
- prompt: You are given a sentence in Galician. Your job is to translate the Galician sentence into Portugese.

Por iso activa a F...